  331.325      128.029      112.309     -1.30380     -23.3328     -1.92204
  128.029      339.374      108.716     -9.83459     -4.08399     -1.99410
  112.309      108.716      226.191     0.447454      1.10140      1.74841
  -1.30380     -9.83459     0.447454      56.8929      1.27023     -9.88887
  -23.3328     -4.08399      1.10140      1.27023      59.5035     -3.66209
  -1.92204     -1.99410      1.74841     -9.88887     -3.66209      103.658
